# Created by Octave 3.2.2, Sun Dec 06 03:11:29 2009 EET <vitalik@existencia>
# name: DD
# type: cell
# rows: 20
# columns: 1
# name: <cell-element>
# type: struct
# length: 4
# name: subj
# type: cell
# rows: 1
# columns: 1
# name: <cell-element>
# type: scalar
28

# name: cond
# type: cell
# rows: 1
# columns: 1
# name: <cell-element>
# type: scalar
161

# name: file
# type: cell
# rows: 1
# columns: 1
# name: <cell-element>
# type: string
# elements: 1
# length: 16
work/28.0161.jpg

# name: sigma
# type: cell
# rows: 1
# columns: 1
# name: <cell-element>
# type: scalar
21.63330765278394

# name: <cell-element>
# type: struct
# length: 4
# name: subj
# type: cell
# rows: 1
# columns: 1
# name: <cell-element>
# type: scalar
24

# name: cond
# type: cell
# rows: 1
# columns: 1
# name: <cell-element>
# type: scalar
352

# name: file
# type: cell
# rows: 1
# columns: 1
# name: <cell-element>
# type: string
# elements: 1
# length: 16
work/24.0352.jpg

# name: sigma
# type: cell
# rows: 1
# columns: 1
# name: <cell-element>
# type: scalar
31.87475490101846

# name: <cell-element>
# type: struct
# length: 4
# name: subj
# type: cell
# rows: 1
# columns: 1
# name: <cell-element>
# type: scalar
8

# name: cond
# type: cell
# rows: 1
# columns: 1
# name: <cell-element>
# type: scalar
327

# name: file
# type: cell
# rows: 1
# columns: 1
# name: <cell-element>
# type: string
# elements: 1
# length: 16
work/08.0327.jpg

# name: sigma
# type: cell
# rows: 1
# columns: 1
# name: <cell-element>
# type: scalar
29.63106478005811

# name: <cell-element>
# type: struct
# length: 4
# name: subj
# type: cell
# rows: 1
# columns: 1
# name: <cell-element>
# type: scalar
26

# name: cond
# type: cell
# rows: 1
# columns: 1
# name: <cell-element>
# type: scalar
374

# name: file
# type: cell
# rows: 1
# columns: 1
# name: <cell-element>
# type: string
# elements: 1
# length: 16
work/26.0374.jpg

# name: sigma
# type: cell
# rows: 1
# columns: 1
# name: <cell-element>
# type: scalar
39.57271787481876

# name: <cell-element>
# type: struct
# length: 4
# name: subj
# type: cell
# rows: 1
# columns: 1
# name: <cell-element>
# type: scalar
8

# name: cond
# type: cell
# rows: 1
# columns: 1
# name: <cell-element>
# type: scalar
165

# name: file
# type: cell
# rows: 1
# columns: 1
# name: <cell-element>
# type: string
# elements: 1
# length: 16
work/08.0165.jpg

# name: sigma
# type: cell
# rows: 1
# columns: 1
# name: <cell-element>
# type: scalar
24.77902338672773

# name: <cell-element>
# type: struct
# length: 4
# name: subj
# type: cell
# rows: 1
# columns: 1
# name: <cell-element>
# type: scalar
1

# name: cond
# type: cell
# rows: 1
# columns: 1
# name: <cell-element>
# type: scalar
155

# name: file
# type: cell
# rows: 1
# columns: 1
# name: <cell-element>
# type: string
# elements: 1
# length: 16
work/01.0155.jpg

# name: sigma
# type: cell
# rows: 1
# columns: 1
# name: <cell-element>
# type: scalar
19.84943324127921

# name: <cell-element>
# type: struct
# length: 4
# name: subj
# type: cell
# rows: 1
# columns: 1
# name: <cell-element>
# type: scalar
29

# name: cond
# type: cell
# rows: 1
# columns: 1
# name: <cell-element>
# type: scalar
68

# name: file
# type: cell
# rows: 1
# columns: 1
# name: <cell-element>
# type: string
# elements: 1
# length: 16
work/29.0068.jpg

# name: sigma
# type: cell
# rows: 1
# columns: 1
# name: <cell-element>
# type: scalar
36.30426972134269

# name: <cell-element>
# type: struct
# length: 4
# name: subj
# type: cell
# rows: 1
# columns: 1
# name: <cell-element>
# type: scalar
25

# name: cond
# type: cell
# rows: 1
# columns: 1
# name: <cell-element>
# type: scalar
191

# name: file
# type: cell
# rows: 1
# columns: 1
# name: <cell-element>
# type: string
# elements: 1
# length: 16
work/25.0191.jpg

# name: sigma
# type: cell
# rows: 1
# columns: 1
# name: <cell-element>
# type: scalar
38.49675310984031

# name: <cell-element>
# type: struct
# length: 4
# name: subj
# type: cell
# rows: 1
# columns: 1
# name: <cell-element>
# type: scalar
17

# name: cond
# type: cell
# rows: 1
# columns: 1
# name: <cell-element>
# type: scalar
162

# name: file
# type: cell
# rows: 1
# columns: 1
# name: <cell-element>
# type: string
# elements: 1
# length: 16
work/17.0162.jpg

# name: sigma
# type: cell
# rows: 1
# columns: 1
# name: <cell-element>
# type: scalar
47.25462940284264

# name: <cell-element>
# type: struct
# length: 4
# name: subj
# type: cell
# rows: 1
# columns: 1
# name: <cell-element>
# type: scalar
2

# name: cond
# type: cell
# rows: 1
# columns: 1
# name: <cell-element>
# type: scalar
145

# name: file
# type: cell
# rows: 1
# columns: 1
# name: <cell-element>
# type: string
# elements: 1
# length: 16
work/02.0145.jpg

# name: sigma
# type: cell
# rows: 1
# columns: 1
# name: <cell-element>
# type: scalar
32.35737937472688

# name: <cell-element>
# type: struct
# length: 4
# name: subj
# type: cell
# rows: 1
# columns: 1
# name: <cell-element>
# type: scalar
4

# name: cond
# type: cell
# rows: 1
# columns: 1
# name: <cell-element>
# type: scalar
338

# name: file
# type: cell
# rows: 1
# columns: 1
# name: <cell-element>
# type: string
# elements: 1
# length: 16
work/04.0338.jpg

# name: sigma
# type: cell
# rows: 1
# columns: 1
# name: <cell-element>
# type: scalar
33.21144381083123

# name: <cell-element>
# type: struct
# length: 4
# name: subj
# type: cell
# rows: 1
# columns: 1
# name: <cell-element>
# type: scalar
6

# name: cond
# type: cell
# rows: 1
# columns: 1
# name: <cell-element>
# type: scalar
250

# name: file
# type: cell
# rows: 1
# columns: 1
# name: <cell-element>
# type: string
# elements: 1
# length: 16
work/06.0250.jpg

# name: sigma
# type: cell
# rows: 1
# columns: 1
# name: <cell-element>
# type: scalar
27.16615541441225

# name: <cell-element>
# type: struct
# length: 4
# name: subj
# type: cell
# rows: 1
# columns: 1
# name: <cell-element>
# type: scalar
8

# name: cond
# type: cell
# rows: 1
# columns: 1
# name: <cell-element>
# type: scalar
152

# name: file
# type: cell
# rows: 1
# columns: 1
# name: <cell-element>
# type: string
# elements: 1
# length: 16
work/08.0152.jpg

# name: sigma
# type: cell
# rows: 1
# columns: 1
# name: <cell-element>
# type: scalar
42.86023798347368

# name: <cell-element>
# type: struct
# length: 4
# name: subj
# type: cell
# rows: 1
# columns: 1
# name: <cell-element>
# type: scalar
14

# name: cond
# type: cell
# rows: 1
# columns: 1
# name: <cell-element>
# type: scalar
142

# name: file
# type: cell
# rows: 1
# columns: 1
# name: <cell-element>
# type: string
# elements: 1
# length: 16
work/14.0142.jpg

# name: sigma
# type: cell
# rows: 1
# columns: 1
# name: <cell-element>
# type: scalar
15.39480431834065

# name: <cell-element>
# type: struct
# length: 4
# name: subj
# type: cell
# rows: 1
# columns: 1
# name: <cell-element>
# type: scalar
8

# name: cond
# type: cell
# rows: 1
# columns: 1
# name: <cell-element>
# type: scalar
263

# name: file
# type: cell
# rows: 1
# columns: 1
# name: <cell-element>
# type: string
# elements: 1
# length: 16
work/08.0263.jpg

# name: sigma
# type: cell
# rows: 1
# columns: 1
# name: <cell-element>
# type: scalar
22.0454076850486

# name: <cell-element>
# type: struct
# length: 4
# name: subj
# type: cell
# rows: 1
# columns: 1
# name: <cell-element>
# type: scalar
12

# name: cond
# type: cell
# rows: 1
# columns: 1
# name: <cell-element>
# type: scalar
33

# name: file
# type: cell
# rows: 1
# columns: 1
# name: <cell-element>
# type: string
# elements: 1
# length: 16
work/12.0033.jpg

# name: sigma
# type: cell
# rows: 1
# columns: 1
# name: <cell-element>
# type: scalar
18.81488772222678

# name: <cell-element>
# type: struct
# length: 4
# name: subj
# type: cell
# rows: 1
# columns: 1
# name: <cell-element>
# type: scalar
7

# name: cond
# type: cell
# rows: 1
# columns: 1
# name: <cell-element>
# type: scalar
246

# name: file
# type: cell
# rows: 1
# columns: 1
